


 036 AUD   1     5.330758     5.384604       5.488561     5.599989     5.703911
 124 CAD   1     5.609856     5.666521       5.773159     6.006513     6.058645
 203 CZK   1     0.270520     0.274639       0.276130     0.285625     0.289456
 208 DKK   1     0.997213     1.007286       1.014828     1.052613     1.067018
 348 HUF 100     2.479937     2.504987       2.517347     2.605186     2.653532
 392 JPY 100     5.721976     5.809113       5.925893     6.041477     6.122514
 578 NOK   1     0.880943     0.889842       0.900700     0.929884     0.942609
 752 SEK   1     0.800692     0.808780       0.813937     0.841131     0.856741
 756 CHF   1     7.158424     7.230731       7.363993     7.664575     7.731097
 826 GBP   1    10.173081    10.328001      10.518090    10.792761    10.986928
 840 USD   1     6.816201     6.885051       7.043372     7.298154     7.361497
 941 RSD   1     0.061556     0.062813                    0.065325     0.065865
 977 BAM   1     3.737007     3.852584                    3.918078     3.961227
 978 EUR   1     7.525000     7.535000       7.570921     7.635000     7.645000
 985 PLN   1     1.853455     1.881680       1.890651     1.956947     1.983197
